Beam Problem
============


===========================================================
E =   9.0000e+07
I =   8.2400e-04

Number of Elements used = 3
Global Stiffness Matrix 'K' is

1.112e+08	1.112e+07	-1.112e+08	1.112e+07	0.000e+00	0.000e+00	0.000e+00	0.000e+00	
1.112e+07	1.483e+06	-1.112e+07	7.416e+05	0.000e+00	0.000e+00	0.000e+00	0.000e+00	
-1.112e+08	-1.112e+07	1.756e+08	-3.399e+06	-6.438e+07	7.725e+06	0.000e+00	0.000e+00	
1.112e+07	7.416e+05	-3.399e+06	2.719e+06	-7.725e+06	6.180e+05	0.000e+00	0.000e+00	
0.000e+00	0.000e+00	-6.438e+07	-7.725e+06	2.816e+08	9.656e+06	-2.173e+08	1.738e+07	
0.000e+00	0.000e+00	7.725e+06	6.180e+05	9.656e+06	3.090e+06	-1.738e+07	9.270e+05	
0.000e+00	0.000e+00	0.000e+00	0.000e+00	-2.173e+08	-1.738e+07	2.173e+08	-1.738e+07	
0.000e+00	0.000e+00	0.000e+00	0.000e+00	1.738e+07	9.270e+05	-1.738e+07	1.854e+06	


Global Load Vector 'F' is

    2.7000e+01
    8.6667e-01
    4.7000e+01
    1.6000e-01
    2.4000e+01
   -9.6000e-01
    5.0000e+03
    0.0000e+00

Reduced Stiffness Matrix after imposing Boundary Condition is

1.756e+08	-3.399e+06	7.725e+06	0.000e+00	0.000e+00	
-3.399e+06	2.719e+06	6.180e+05	0.000e+00	0.000e+00	
7.725e+06	6.180e+05	3.090e+06	-1.738e+07	9.270e+05	
0.000e+00	0.000e+00	-1.738e+07	2.173e+08	-1.738e+07	
0.000e+00	0.000e+00	9.270e+05	-1.738e+07	1.854e+06	

Reduced Load vector after imposing Boundary Condition is

    4.7000e+01
    1.6000e-01
   -9.6000e-01
    5.0000e+03
    0.0000e+00

 Displacement vector
    0.0000e+00
    0.0000e+00
   -5.8320e-05
   -3.4140e-04
    0.0000e+00
    1.1817e-03
    2.8112e-04
    2.0447e-03
Reaction Force at Cantilever end = 2689.74N
Reaction Moment at Cantilever end = 395.57Nm
Reaction force at roller support = -7736.74N
Displacement at free end = 0.000281m
Rotation at free end = 0.002045


===========================================================
E =   9.0000e+07
I =   8.2400e-04

Number of Elements used = 6
Global Stiffness Matrix 'K' is

8.899e+08	4.450e+07	-8.899e+08	4.450e+07	0.000e+00	0.000e+00	0.000e+00	0.000e+00	0.000e+00	0.000e+00	0.000e+00	0.000e+00	0.000e+00	0.000e+00	
4.450e+07	2.966e+06	-4.450e+07	1.483e+06	0.000e+00	0.000e+00	0.000e+00	0.000e+00	0.000e+00	0.000e+00	0.000e+00	0.000e+00	0.000e+00	0.000e+00	
-8.899e+08	-4.450e+07	1.780e+09	0.000e+00	-8.899e+08	4.450e+07	0.000e+00	0.000e+00	0.000e+00	0.000e+00	0.000e+00	0.000e+00	0.000e+00	0.000e+00	
4.450e+07	1.483e+06	0.000e+00	5.933e+06	-4.450e+07	1.483e+06	0.000e+00	0.000e+00	0.000e+00	0.000e+00	0.000e+00	0.000e+00	0.000e+00	0.000e+00	
0.000e+00	0.000e+00	-8.899e+08	-4.450e+07	1.405e+09	-1.360e+07	-5.150e+08	3.090e+07	0.000e+00	0.000e+00	0.000e+00	0.000e+00	0.000e+00	0.000e+00	
0.000e+00	0.000e+00	4.450e+07	1.483e+06	-1.360e+07	5.438e+06	-3.090e+07	1.236e+06	0.000e+00	0.000e+00	0.000e+00	0.000e+00	0.000e+00	0.000e+00	
0.000e+00	0.000e+00	0.000e+00	0.000e+00	-5.150e+08	-3.090e+07	1.030e+09	0.000e+00	-5.150e+08	3.090e+07	0.000e+00	0.000e+00	0.000e+00	0.000e+00	
0.000e+00	0.000e+00	0.000e+00	0.000e+00	3.090e+07	1.236e+06	0.000e+00	4.944e+06	-3.090e+07	1.236e+06	0.000e+00	0.000e+00	0.000e+00	0.000e+00	
0.000e+00	0.000e+00	0.000e+00	0.000e+00	0.000e+00	0.000e+00	-5.150e+08	-3.090e+07	2.253e+09	3.863e+07	-1.738e+09	6.953e+07	0.000e+00	0.000e+00	
0.000e+00	0.000e+00	0.000e+00	0.000e+00	0.000e+00	0.000e+00	3.090e+07	1.236e+06	3.863e+07	6.180e+06	-6.953e+07	1.854e+06	0.000e+00	0.000e+00	
0.000e+00	0.000e+00	0.000e+00	0.000e+00	0.000e+00	0.000e+00	0.000e+00	0.000e+00	-1.738e+09	-6.953e+07	3.476e+09	1.341e-07	-1.738e+09	6.953e+07	
0.000e+00	0.000e+00	0.000e+00	0.000e+00	0.000e+00	0.000e+00	0.000e+00	0.000e+00	6.953e+07	1.854e+06	1.192e-07	7.416e+06	-6.953e+07	1.854e+06	
0.000e+00	0.000e+00	0.000e+00	0.000e+00	0.000e+00	0.000e+00	0.000e+00	0.000e+00	0.000e+00	0.000e+00	-1.738e+09	-6.953e+07	1.738e+09	-6.953e+07	
0.000e+00	0.000e+00	0.000e+00	0.000e+00	0.000e+00	0.000e+00	0.000e+00	0.000e+00	0.000e+00	0.000e+00	6.953e+07	1.854e+06	-6.953e+07	3.708e+06	


Global Load Vector 'F' is

    1.4250e+01
    2.3333e-01
    2.2500e+01
   -7.5000e-02
    2.0250e+01
    9.8333e-02
    2.4000e+01
    2.7756e-17
    1.2000e+01
   -2.4000e-01
    0.0000e+00
    0.0000e+00
    5.0000e+03
    0.0000e+00

Reduced Stiffness Matrix after imposing Boundary Condition is

1.780e+09	0.000e+00	-8.899e+08	4.450e+07	0.000e+00	0.000e+00	0.000e+00	0.000e+00	0.000e+00	0.000e+00	0.000e+00	
0.000e+00	5.933e+06	-4.450e+07	1.483e+06	0.000e+00	0.000e+00	0.000e+00	0.000e+00	0.000e+00	0.000e+00	0.000e+00	
-8.899e+08	-4.450e+07	1.405e+09	-1.360e+07	-5.150e+08	3.090e+07	0.000e+00	0.000e+00	0.000e+00	0.000e+00	0.000e+00	
4.450e+07	1.483e+06	-1.360e+07	5.438e+06	-3.090e+07	1.236e+06	0.000e+00	0.000e+00	0.000e+00	0.000e+00	0.000e+00	
0.000e+00	0.000e+00	-5.150e+08	-3.090e+07	1.030e+09	0.000e+00	3.090e+07	0.000e+00	0.000e+00	0.000e+00	0.000e+00	
0.000e+00	0.000e+00	3.090e+07	1.236e+06	0.000e+00	4.944e+06	1.236e+06	0.000e+00	0.000e+00	0.000e+00	0.000e+00	
0.000e+00	0.000e+00	0.000e+00	0.000e+00	3.090e+07	1.236e+06	6.180e+06	-6.953e+07	1.854e+06	0.000e+00	0.000e+00	
0.000e+00	0.000e+00	0.000e+00	0.000e+00	0.000e+00	0.000e+00	-6.953e+07	3.476e+09	1.341e-07	-1.738e+09	6.953e+07	
0.000e+00	0.000e+00	0.000e+00	0.000e+00	0.000e+00	0.000e+00	1.854e+06	1.192e-07	7.416e+06	-6.953e+07	1.854e+06	
0.000e+00	0.000e+00	0.000e+00	0.000e+00	0.000e+00	0.000e+00	0.000e+00	-1.738e+09	-6.953e+07	1.738e+09	-6.953e+07	
0.000e+00	0.000e+00	0.000e+00	0.000e+00	0.000e+00	0.000e+00	0.000e+00	6.953e+07	1.854e+06	-6.953e+07	3.708e+06	

Reduced Load vector after imposing Boundary Condition is

    2.2500e+01
   -7.5000e-02
    2.0250e+01
    9.8333e-02
    2.4000e+01
    2.7756e-17
   -2.4000e-01
    0.0000e+00
    0.0000e+00
    5.0000e+03
    0.0000e+00

 Displacement vector
    0.0000e+00
    0.0000e+00
   -2.0628e-05
   -3.5231e-04
   -5.8355e-05
   -3.4146e-04
   -7.4856e-05
    1.5460e-04
    0.0000e+00
    1.1819e-03
    1.2332e-04
    1.8292e-03
    2.8116e-04
    2.0449e-03
Reaction Force at Cantilever end = 2681.20N
Reaction Moment at Cantilever end = 395.33Nm
Reaction force at roller support = -7747.95N
Displacement at free end = 0.000281m
Rotation at free end = 0.002045
